<?xml version="1.0" encoding="UTF-8"?>
<!DOCTYPE svg PUBLIC "-//W3C//DTD SVG 1.1//EN" "http://www.w3.org/Graphics/SVG/1.1/DTD/svg11.dtd">
<!-- Creator: CorelDRAW 2018 (64 Bit) -->
<svg xmlns="http://www.w3.org/2000/svg" xml:space="preserve" width="9.24592in" height="2.44261in" version="1.1" style="shape-rendering:geometricPrecision; text-rendering:geometricPrecision; image-rendering:optimizeQuality; fill-rule:evenodd; clip-rule:evenodd"
viewBox="0 0 9245.92 2442.61"
 xmlns:xlink="http://www.w3.org/1999/xlink">
 <defs>
  <style type="text/css">
   <![CDATA[
    .fil1 {fill:#FEFEFE}
    .fil0 {fill:#FEFEFE;fill-rule:nonzero}
   ]]>
  </style>
 </defs>
 <g id="Camada_x0020_1">
  <metadata id="CorelCorpID_0Corel-Layer"/>
  <g id="_2226250192128">
   <path class="fil0" d="M3468.08 2434.35c24.3,4.09 53.85,8.26 85.32,8.26 47.17,0 85.32,-12.49 85.32,-67.65l0 -180.48c0,-13.51 -0.48,-26 -1.43,-38.7 -24.3,-13.11 -55.97,-18.3 -83.89,-18.3 -69.63,0 -100.07,26.56 -100.07,109.9 0,82.8 28.39,109.63 93.31,109.63 18.22,0 37.27,-2.87 54.54,-7.1l0 13.99c0,33.38 -12.63,48.4 -53.45,48.4 -25.32,0 -53.52,-3.07 -76.45,-6.42l-3.21 28.46zm85.32 -266.96c15.56,0 34.27,2.8 46.62,8.67 0.75,9.69 1.16,21.98 1.16,32.02l0 111.6c-12.29,4.17 -30.17,7.44 -44.37,7.44 -58.57,0 -65.53,-27.71 -65.53,-79.73 0,-48.6 9.83,-80 62.11,-80z"/>
   <path id="1" class="fil0" d="M3785.15 2361.92c41.77,0 68.46,-3.82 92.76,-7.65l-3.28 -28.94c-22.39,2.94 -48.87,5.87 -77.68,5.87 -45.26,0 -62.66,-16.79 -65.87,-60.48l45.67 -1.98c30.51,-1.3 82.39,-6.21 107.24,-10.51 0.54,-6.01 0.61,-12.83 0.61,-18.57 0,-62.11 -18.43,-102.11 -94.54,-102.11 -72.15,0 -96.24,32.9 -96.24,112.01 0,64.85 18.97,112.35 91.33,112.35zm-54.88 -118.02c0,-48.46 9.08,-77 59.8,-77 42.46,0 57,20.96 57,56.18 0,3.82 -0.14,9.35 -0.55,13.04 -17.75,2.32 -47.1,4.64 -64.91,5.46l-51.33 2.32z"/>
   <path id="2" class="fil0" d="M4022.62 2167.79c19.66,0 38.09,2.53 54.81,5.6l3.55 -28.06c-24.57,-5.39 -45.46,-7.85 -74.2,-7.85 -43.76,0 -76.38,13.18 -76.38,59.87 0,45.94 33.85,54.54 68.53,64.98 27.71,8.33 48.6,11.88 48.6,38.43 0,30.31 -35.7,30.04 -57.61,30.04 -17.68,0 -39.8,-2.52 -57.06,-5.6l-3.69 28.81c22.93,5.32 48.87,7.92 72.28,7.92 47.78,0 84.44,-13.65 84.44,-62.87 0,-43.96 -27.44,-53.31 -68.33,-66.48 -25.19,-7.99 -49.62,-11.6 -49.62,-37.89 0,-26.55 33.04,-26.89 54.67,-26.89z"/>
   <path id="3" class="fil0" d="M4160.64 2084.65l0 55.7 -38.64 0 0 28.67 38.64 0 0 134.47c0,40.07 17.88,58.36 60.2,58.36 8.46,0 19.25,-1.23 27.85,-2.73l-2.93 -27.64c-4.64,0.34 -9.22,0.61 -13.99,0.61 -23.76,0 -33.59,-6.15 -33.59,-32.63l0 -130.44 47.24 0 0 -28.67 -47.24 0 0 -61.84 -37.54 6.14z"/>
   <path id="4" class="fil0" d="M4297.84 2173.66c22.93,-3.07 48.74,-5.87 74.47,-5.87 41.02,0 53.65,14.95 53.65,48.06l0 5.26c-30.38,1.09 -60.61,2.19 -86.28,6.01 -40.34,6.14 -56.66,30.31 -56.66,68.26 0,46.28 24.98,66.55 84.03,66.55 37.61,0 69.22,-5.12 94.27,-18.22 0.95,-12.56 1.5,-25.12 1.5,-38.63l0 -100.14c0,-54.95 -37.95,-67.44 -85.46,-67.44 -31.47,0 -58.43,3.82 -82.66,7.72l3.14 28.46zm133.31 -115.02l-21.91 0c-2.19,14.27 -6.42,20.28 -13.17,20.28 -11.81,0 -15.02,-21.09 -38.77,-21.09 -14.47,-0.14 -29.15,14.33 -31.47,44.3l21.91 0c2.18,-14.2 6.35,-20.41 13.17,-20.41 11.81,0.14 15.02,21.37 38.77,21.37 14.47,0 29.15,-14.47 31.46,-44.44zm-5.19 233.38c0,10.1 -0.2,22.39 -0.96,32.15 -16.52,6.83 -36.18,8.67 -53.17,8.67 -35.09,0 -51.54,-7.37 -51.54,-38.22 0,-27.98 9.56,-36.59 33.44,-41.78 20.69,-4.44 49.83,-5.05 72.22,-5.67l0 44.85z"/>
   <path id="5" class="fil0" d="M4613.74 2361.92c71.06,0 96.52,-31.94 96.52,-112.29 0,-80.48 -25.46,-112.15 -96.52,-112.15 -70.99,0 -96.65,30.44 -96.65,112.15 0,81.85 25.67,112.29 96.65,112.29zm0 -30.72c-44.71,0 -58.7,-16.38 -58.7,-81.57 0,-65.12 13.99,-81.43 58.7,-81.43 45.46,0 58.98,18.98 58.98,81.43 0,62.59 -13.79,81.57 -58.98,81.57z"/>
   <path id="6" class="fil0" d="M5012.99 2144.59c-17.33,-4.23 -36.45,-7.1 -54.61,-7.1 -66.01,0 -93.65,28.19 -93.65,112.08 0,85.46 29.62,112.35 100.27,112.35 28.19,0 59.8,-5.19 84.09,-18.29 0.96,-12.7 1.43,-25.19 1.43,-38.7l0 -249.35 -37.54 0 0 89.01zm0 30.24l0 116.45c0,10.1 -0.41,22.39 -1.16,32.08 -12.29,5.87 -31.2,8.67 -46.83,8.67 -53.31,0 -62.32,-32.22 -62.32,-82.46 0,-53.24 6.15,-82.19 65.87,-82.19 14.2,0 32.08,3.28 44.44,7.44z"/>
   <path id="7" class="fil0" d="M5197.16 2361.92c41.77,0 68.46,-3.82 92.76,-7.65l-3.28 -28.94c-22.39,2.94 -48.87,5.87 -77.68,5.87 -45.26,0 -62.66,-16.79 -65.87,-60.48l45.67 -1.98c30.51,-1.3 82.39,-6.21 107.24,-10.51 0.54,-6.01 0.61,-12.83 0.61,-18.57 0,-62.11 -18.43,-102.11 -94.54,-102.11 -72.15,0 -96.24,32.9 -96.24,112.01 0,64.85 18.97,112.35 91.33,112.35zm-54.88 -118.02c0,-48.46 9.08,-77 59.8,-77 42.46,0 57,20.96 57,56.18 0,3.82 -0.14,9.35 -0.55,13.04 -17.75,2.32 -47.1,4.64 -64.91,5.46l-51.33 2.32z"/>
   <path id="8" class="fil0" d="M5544.53 2361.92c41.77,0 68.46,-3.82 92.76,-7.65l-3.28 -28.94c-22.39,2.94 -48.87,5.87 -77.68,5.87 -45.26,0 -62.66,-16.79 -65.87,-60.48l45.67 -1.98c30.51,-1.3 82.39,-6.21 107.24,-10.51 0.54,-6.01 0.61,-12.83 0.61,-18.57 0,-62.11 -18.43,-102.11 -94.54,-102.11 -72.15,0 -96.24,32.9 -96.24,112.01 0,64.85 18.97,112.35 91.33,112.35zm-54.88 -118.02c0,-48.46 9.08,-77 59.8,-77 42.46,0 57,20.96 57,56.18 0,3.82 -0.14,9.35 -0.55,13.04 -17.75,2.32 -47.1,4.64 -64.91,5.46l-51.33 2.32z"/>
   <path id="9" class="fil0" d="M5782 2167.79c19.66,0 38.09,2.53 54.81,5.6l3.55 -28.06c-24.57,-5.39 -45.46,-7.85 -74.2,-7.85 -43.76,0 -76.38,13.18 -76.38,59.87 0,45.94 33.85,54.54 68.53,64.98 27.71,8.33 48.6,11.88 48.6,38.43 0,30.31 -35.7,30.04 -57.61,30.04 -17.68,0 -39.8,-2.52 -57.06,-5.6l-3.69 28.81c22.93,5.32 48.87,7.92 72.28,7.92 47.78,0 84.44,-13.65 84.44,-62.87 0,-43.96 -27.44,-53.31 -68.33,-66.48 -25.19,-7.99 -49.62,-11.6 -49.62,-37.89 0,-26.55 33.04,-26.89 54.67,-26.89z"/>
   <path id="10" class="fil0" d="M5931.56 2354.82c17.34,4.23 36.38,7.1 54.68,7.1 65.87,0 93.17,-28.19 93.17,-112.08 0,-85.46 -29.42,-112.35 -99.93,-112.35 -27.98,0 -59.72,5.19 -84.03,18.3 -0.95,12.7 -1.43,25.19 -1.43,38.7l0 245.26 37.54 0 0 -84.91zm0 -30.24l0 -116.45c0,-10.1 0.41,-22.39 1.16,-32.08 12.35,-5.87 31.13,-8.67 46.76,-8.67 53.38,0 62.39,32.29 62.39,82.46 0,53.24 -6.28,82.19 -65.8,82.19 -14.26,0 -32.22,-3.28 -44.5,-7.44z"/>
   <path id="11" class="fil0" d="M6137.29 2173.66c22.93,-3.07 48.74,-5.87 74.61,-5.87 40.89,0 53.52,14.95 53.52,48.06l0 5.26c-30.38,1.09 -60.61,2.19 -86.28,6.01 -40.34,6.14 -56.66,30.31 -56.66,68.26 0,46.28 24.98,66.55 84.03,66.55 37.61,0 69.22,-5.12 94.27,-18.22 0.95,-12.56 1.5,-25.12 1.5,-38.63l0 -100.14c0,-54.95 -37.95,-67.44 -85.46,-67.44 -31.47,0 -58.43,3.82 -82.66,7.72l3.14 28.46zm22.46 120.96c0,-27.98 9.56,-36.59 33.44,-41.78 20.69,-4.44 49.83,-5.05 72.22,-5.67l0 44.85c0,10.1 -0.2,22.39 -0.96,32.15 -16.52,6.83 -36.18,8.67 -53.04,8.67 -35.22,0 -51.67,-7.37 -51.67,-38.22z"/>
   <path id="12" class="fil0" d="M6504.11 2144.38c-14.26,-3.89 -30.85,-6.9 -51.94,-6.9 -79.72,0 -96.11,38.43 -96.11,109.97 0,58.43 11.67,109.76 76.72,114.06l-17.68 29.76c12.01,0 34.74,4.3 34.74,18.02 0,10.24 -9.49,13.31 -17.89,13.31 -7.3,0 -16.31,-2.12 -24.5,-6.01l-6.55 17.06c8.39,4.85 20.27,7.65 31.06,7.65 23.14,0 44.57,-9.22 44.57,-33.72 0,-17.54 -15.43,-27.65 -31.74,-28.53l11.19 -17.54c18.5,-0.89 33.86,-3.48 48.46,-6.62l-3.41 -29.28c-11.54,2.32 -25.32,4.78 -37.06,4.78 -66.01,0 -69.83,-27.57 -69.83,-82.93 0,-58.77 6.14,-78.84 69.9,-78.84 12.29,0 26.21,2.05 37,4.03l3.07 -28.26z"/>
   <path id="13" class="fil0" d="M6637.49 2361.92c71.06,0 96.52,-31.94 96.52,-112.29 0,-80.48 -25.46,-112.15 -96.52,-112.15 -70.99,0 -96.65,30.44 -96.65,112.15 0,81.85 25.67,112.29 96.65,112.29zm0 -30.72c-44.71,0 -58.7,-16.38 -58.7,-81.57 0,-65.12 13.99,-81.43 58.7,-81.43 45.46,0 58.98,18.98 58.98,81.43 0,62.59 -13.79,81.57 -58.98,81.57z"/>
   <path id="14" class="fil0" d="M6872.58 2167.79c19.66,0 38.09,2.53 54.81,5.6l3.55 -28.06c-24.57,-5.39 -45.46,-7.85 -74.2,-7.85 -43.76,0 -76.38,13.18 -76.38,59.87 0,45.94 33.85,54.54 68.53,64.98 27.71,8.33 48.6,11.88 48.6,38.43 0,30.31 -35.7,30.04 -57.61,30.04 -17.68,0 -39.8,-2.52 -57.06,-5.6l-3.69 28.81c22.93,5.32 48.87,7.92 72.28,7.92 47.78,0 84.44,-13.65 84.44,-62.87 0,-43.96 -27.44,-53.31 -68.33,-66.48 -25.19,-7.99 -49.62,-11.6 -49.62,-37.89 0,-26.55 33.04,-26.89 54.67,-26.89z"/>
   <path id="15" class="fil0" d="M7133.53 2359.06l0 -150.1c0,-10.1 0.28,-22.32 1.02,-32.08 12.43,-5.87 31.33,-8.67 46.96,-8.67 6.35,0 12.15,0.2 17.27,0.82l3.07 -30.72c-6.35,-0.54 -13.11,-0.82 -20.34,-0.82 -28.19,0 -59.73,5.19 -84.1,18.23 -0.95,12.56 -1.43,25.12 -1.43,38.63l0 164.71 37.54 0z"/>
   <path id="16" class="fil0" d="M7323.91 2361.92c41.77,0 68.46,-3.82 92.76,-7.65l-3.28 -28.94c-22.39,2.94 -48.87,5.87 -77.68,5.87 -45.26,0 -62.66,-16.79 -65.87,-60.48l45.67 -1.98c30.51,-1.3 82.39,-6.21 107.24,-10.51 0.54,-6.01 0.61,-12.83 0.61,-18.57 0,-62.11 -18.43,-102.11 -94.54,-102.11 -72.15,0 -96.24,32.9 -96.24,112.01 0,64.85 18.97,112.35 91.33,112.35zm-54.88 -118.02c0,-48.46 9.08,-77 59.8,-77 42.46,0 57,20.96 57,56.18 0,3.82 -0.14,9.35 -0.55,13.04 -17.75,2.32 -47.1,4.64 -64.91,5.46l-51.33 2.32z"/>
   <path id="17" class="fil0" d="M7561.38 2167.79c19.66,0 38.09,2.53 54.81,5.6l3.55 -28.06c-24.57,-5.39 -45.46,-7.85 -74.2,-7.85 -43.76,0 -76.38,13.18 -76.38,59.87 0,45.94 33.85,54.54 68.53,64.98 27.71,8.33 48.6,11.88 48.6,38.43 0,30.31 -35.7,30.04 -57.61,30.04 -17.68,0 -39.8,-2.52 -57.06,-5.6l-3.69 28.81c22.93,5.32 48.87,7.92 72.28,7.92 47.78,0 84.44,-13.65 84.44,-62.87 0,-43.96 -27.44,-53.31 -68.33,-66.48 -25.19,-7.99 -49.62,-11.6 -49.62,-37.89 0,-26.55 33.04,-26.89 54.67,-26.89z"/>
   <path id="18" class="fil0" d="M7758.52 2361.92c41.77,0 68.46,-3.82 92.76,-7.65l-3.28 -28.94c-22.39,2.94 -48.87,5.87 -77.68,5.87 -45.26,0 -62.66,-16.79 -65.87,-60.48l45.67 -1.98c30.51,-1.3 82.39,-6.21 107.24,-10.51 0.54,-6.01 0.61,-12.83 0.61,-18.57 0,-62.11 -18.43,-102.11 -94.54,-102.11 -72.15,0 -96.24,32.9 -96.24,112.01 0,64.85 18.97,112.35 91.33,112.35zm-54.88 -118.02c0,-48.46 9.08,-77 59.8,-77 42.46,0 57,20.96 57,56.18 0,3.82 -0.14,9.35 -0.55,13.04 -17.75,2.32 -47.1,4.64 -64.91,5.46l-51.33 2.32z"/>
   <path id="19" class="fil0" d="M7948.55 2359.06l0 -150.1c0,-10.1 0.28,-22.32 1.02,-32.08 12.43,-5.87 31.33,-8.67 46.96,-8.67 6.35,0 12.15,0.2 17.27,0.82l3.07 -30.72c-6.35,-0.54 -13.11,-0.82 -20.34,-0.82 -28.19,0 -59.73,5.19 -84.1,18.23 -0.95,12.56 -1.43,25.12 -1.43,38.63l0 164.71 37.54 0z"/>
   <path id="20" class="fil0" d="M8257.01 2140.35l-38.22 0 -64.78 180.68 -64.16 -180.68 -39.93 0 73.04 196.11c6.35,17.34 15.97,25.46 30.31,25.46 14.26,0 23.48,-8.26 30.03,-25.46l73.72 -196.11z"/>
   <path id="21" class="fil0" d="M8305.07 2173.66c23,-3.07 48.8,-5.87 74.47,-5.87 40.82,0 53.59,14.95 53.59,48.06l0 5.26c-30.44,1.09 -60.55,2.19 -86.15,6.01 -40.54,6.14 -56.79,30.31 -56.79,68.26 0,46.28 25.05,66.55 83.96,66.55 37.75,0 69.28,-5.12 94.33,-18.22 0.95,-12.56 1.5,-25.12 1.5,-38.63l0 -100.14c0,-54.95 -38.09,-67.44 -85.39,-67.44 -31.46,0 -58.36,3.82 -82.73,7.72l3.21 28.46zm22.39 120.96c0,-27.98 9.69,-36.59 33.52,-41.78 20.68,-4.44 49.83,-5.05 72.15,-5.67l0 44.85c0,10.1 -0.2,22.39 -1.09,32.15 -16.31,6.83 -36.11,8.67 -52.97,8.67 -35.02,0 -51.6,-7.37 -51.6,-38.22zm116.72 -244.85l-42.87 0 -37.27 61.57 29.76 0 50.37 -61.57z"/>
   <path id="22" class="fil0" d="M8714.21 2140.35l-38.22 0 -64.78 180.68 -64.16 -180.68 -39.93 0 73.04 196.11c6.35,17.34 15.97,25.46 30.31,25.46 14.26,0 23.48,-8.26 30.03,-25.46l73.72 -196.11z"/>
   <path id="23" class="fil0" d="M8835.65 2361.92c41.77,0 68.46,-3.82 92.76,-7.65l-3.28 -28.94c-22.39,2.94 -48.87,5.87 -77.68,5.87 -45.26,0 -62.66,-16.79 -65.87,-60.48l45.67 -1.98c30.51,-1.3 82.39,-6.21 107.24,-10.51 0.54,-6.01 0.61,-12.83 0.61,-18.57 0,-62.11 -18.43,-102.11 -94.54,-102.11 -72.15,0 -96.24,32.9 -96.24,112.01 0,64.85 18.97,112.35 91.33,112.35zm-54.88 -118.02c0,-48.46 9.08,-77 59.8,-77 42.46,0 57,20.96 57,56.18 0,3.82 -0.14,9.35 -0.55,13.04 -17.75,2.32 -47.1,4.64 -64.91,5.46l-51.33 2.32z"/>
   <path id="24" class="fil0" d="M9006.64 2102.26c17.88,0 22.8,-6.28 22.8,-24.64 0,-18.5 -5.26,-24.91 -22.8,-24.91 -17.41,0 -22.66,6.42 -22.66,24.91 0,18.36 4.91,24.64 22.66,24.64zm-18.91 256.79l37.54 0 0 -218.7 -37.54 0 0 218.7z"/>
   <path id="25" class="fil0" d="M9170.19 2167.79c19.66,0 38.09,2.53 54.81,5.6l3.55 -28.06c-24.57,-5.39 -45.46,-7.85 -74.2,-7.85 -43.76,0 -76.38,13.18 -76.38,59.87 0,45.94 33.85,54.54 68.53,64.98 27.71,8.33 48.6,11.88 48.6,38.43 0,30.31 -35.7,30.04 -57.61,30.04 -17.68,0 -39.8,-2.52 -57.06,-5.6l-3.69 28.81c22.93,5.32 48.87,7.92 72.28,7.92 47.78,0 84.44,-13.65 84.44,-62.87 0,-43.96 -27.44,-53.31 -68.33,-66.48 -25.19,-7.99 -49.62,-11.6 -49.62,-37.89 0,-26.55 33.04,-26.89 54.67,-26.89z"/>
   <path class="fil0" d="M1440.74 1657.36c-105.43,16.44 -215.5,27.83 -328.1,27.83 -506.06,0 -536.43,-265.26 -536.43,-694.57 0,-427.63 25.72,-694.57 536.43,-694.57 110.91,0 224.78,11.81 327.26,27.83l22.78 -191.88c-113.02,-24.88 -258.94,-43.44 -422.14,-43.44 -575.23,0 -717.35,274.12 -717.35,902.06 0,627.1 141.28,902.06 717.35,902.06 164.05,0 309.12,-18.98 422.14,-44.28l-21.93 -191.04zm344.96 -927.79c141.7,-18.98 301.11,-36.27 460.94,-36.27 252.61,0 330.63,92.36 330.63,296.89l0 32.48c-187.67,6.74 -374.49,13.49 -533.06,37.11 -249.23,37.95 -350.03,187.24 -350.03,421.72 0,285.93 154.35,411.18 519.14,411.18 232.37,0 427.63,-31.63 582.39,-112.6 5.91,-77.59 9.28,-155.19 9.28,-238.69l0 -618.66c0,-339.48 -234.48,-416.66 -527.99,-416.66 -194.41,0 -360.99,23.62 -510.7,47.66l19.4 175.85zm138.74 747.29c0,-172.91 59.04,-226.05 206.64,-258.09 127.78,-27.41 307.86,-31.21 446.18,-35l0 277.07c0,62.41 -1.26,138.32 -5.91,198.63 -102.06,42.17 -223.51,53.56 -327.67,53.56 -217.61,0 -319.24,-45.55 -319.24,-236.16zm1240.28 47.65c0,187.67 47.65,309.12 136.63,409.91l199.48 -98.68c-71.27,-92.36 -104.17,-188.09 -104.17,-323.88l0 -1511.87 -231.94 0 0 1524.52zm1129.79 368.17c258.09,0 422.98,-23.62 573.11,-47.23l-20.24 -178.81c-138.32,18.13 -301.95,36.27 -479.91,36.27 -279.6,0 -387.14,-103.74 -406.96,-373.65l282.13 -12.23c188.51,-8.01 509.02,-38.38 662.52,-64.94 3.37,-37.11 3.79,-79.28 3.79,-114.71 0,-383.76 -113.86,-630.89 -584.08,-630.89 -445.76,0 -594.63,203.27 -594.63,692.04 0,400.63 117.24,694.15 564.26,694.15zm-339.06 -729.15c0,-299.42 56.09,-475.7 369.43,-475.7 262.31,0 352.13,129.46 352.13,347.07 0,23.61 -0.84,57.78 -3.37,80.55 -109.65,14.34 -290.98,28.68 -401.05,33.74l-317.13 14.34zm1513.13 -215.5c0,-62.84 1.69,-138.75 7.17,-197.79 72.11,-34.16 210.44,-56.93 310.8,-56.93 310.81,0 353.4,103.74 353.4,341.17l0 840.49 231.94 0 0 -872.96c0,-277.07 -46.81,-495.94 -515.76,-495.94 -249.24,0 -457.15,44.7 -610.65,114.71 -5.9,77.6 -8.85,155.19 -8.85,238.69l0 1015.5 231.94 0 0 -926.94zm2129.69 -398.11c-107.11,-26.15 -225.2,-43.86 -337.38,-43.86 -407.8,0 -578.6,174.17 -578.6,692.46 0,528 183.03,694.15 619.51,694.15 174.17,0 369.43,-32.05 519.56,-113.02 5.9,-78.44 8.86,-155.61 8.86,-239.11l0 -1540.54 -231.95 0 0 549.92zm0 186.82l0 719.46c0,62.41 -2.53,138.32 -7.17,198.2 -75.91,36.27 -192.73,53.56 -289.3,53.56 -329.36,0 -385.03,-199.06 -385.03,-509.44 0,-328.94 37.96,-507.75 406.96,-507.75 87.72,0 198.21,20.24 274.54,45.97zm628.36 -7.17c141.7,-18.98 301.11,-36.27 460.94,-36.27 252.61,0 330.63,92.36 330.63,296.89l0 32.48c-187.67,6.74 -374.49,13.49 -533.06,37.11 -249.23,37.95 -350.03,187.24 -350.03,421.72 0,285.93 154.35,411.18 519.14,411.18 232.37,0 427.63,-31.63 582.39,-112.6 5.91,-77.59 9.28,-155.19 9.28,-238.69l0 -618.66c0,-339.48 -234.48,-416.66 -527.99,-416.66 -194.41,0 -360.99,23.62 -510.7,47.66l19.4 175.85zm138.74 747.29c0,-172.91 59.04,-226.05 206.64,-258.09 127.78,-27.41 307.86,-31.21 446.18,-35l0 277.07c0,62.41 -1.26,138.32 -5.91,198.63 -102.06,42.17 -223.51,53.56 -327.67,53.56 -217.61,0 -319.24,-45.55 -319.24,-236.16z"/>
   <path class="fil1" d="M201.5 294.49c69.87,0 126.52,56.64 126.52,126.51 0,69.87 -56.64,126.51 -126.52,126.51 -69.87,0 -126.51,-56.64 -126.51,-126.51 0,-69.87 56.64,-126.51 126.51,-126.51zm0 30.44c-53.06,0 -96.07,43.01 -96.07,96.07 0,53.06 43.02,96.07 96.07,96.07 53.06,0 96.07,-43.01 96.07,-96.07 0,-53.06 -43.02,-96.07 -96.07,-96.07z"/>
   <circle class="fil1" cx="126.51" cy="1182.4" r="65.64"/>
   <path class="fil1" d="M126.51 1055.89c69.87,0 126.52,56.64 126.52,126.51 0,69.87 -56.64,126.51 -126.52,126.51 -69.87,0 -126.51,-56.64 -126.51,-126.51 0,-69.87 56.64,-126.51 126.51,-126.51zm0 30.44c-53.06,0 -96.07,43.01 -96.07,96.07 0,53.06 43.02,96.07 96.07,96.07 53.06,0 96.07,-43.01 96.07,-96.07 0,-53.06 -43.02,-96.07 -96.07,-96.07z"/>
   <path class="fil1" d="M202.4 1432.72c69.87,0 126.52,56.64 126.52,126.51 0,69.87 -56.64,126.51 -126.52,126.51 -69.87,0 -126.52,-56.64 -126.52,-126.51 0,-69.87 56.65,-126.51 126.52,-126.51zm0 60.88c36.25,0 65.63,29.39 65.63,65.63 0,36.25 -29.38,65.63 -65.63,65.63 -36.25,0 -65.64,-29.39 -65.64,-65.63 0,-36.25 29.39,-65.63 65.64,-65.63z"/>
   <circle class="fil1" cx="125.99" cy="797.9" r="35.56"/>
   <path class="fil1" d="M126.51 702.04c-53.06,0 -96.07,43.02 -96.07,96.07 0,53.06 43.02,96.07 96.07,96.07 53.06,0 96.07,-43.02 96.07,-96.07 0,-53.06 -43.02,-96.07 -96.07,-96.07zm0 -30.44c69.87,0 126.52,56.64 126.52,126.51 0,69.87 -56.64,126.51 -126.52,126.51 -69.87,0 -126.51,-56.64 -126.51,-126.51 0,-69.87 56.64,-126.51 126.51,-126.51z"/>
   <circle class="fil1" cx="126.51" cy="963.12" r="15.77"/>
   <circle class="fil1" cx="126.51" cy="1017.4" r="15.77"/>
   <ellipse class="fil1" transform="matrix(-0.878174 -0.210737 -0.212558 0.885764 167.851 582.912)" rx="17.46" ry="17.31"/>
   <ellipse class="fil1" transform="matrix(-0.878174 -0.210737 -0.212558 0.885764 155.188 635.693)" rx="17.46" ry="17.31"/>
   <ellipse class="fil1" transform="matrix(-0.878174 0.210737 -0.212558 -0.885764 167.851 1397.87)" rx="17.46" ry="17.31"/>
   <ellipse class="fil1" transform="matrix(-0.878174 0.210737 -0.212558 -0.885764 155.188 1345.09)" rx="17.46" ry="17.31"/>
  </g>
 </g>
</svg>
